[43.84880487495097, -79.34838458318728, 2995]
[43.84850836453489, -79.34973767469485, 20]
[43.84996697120256, -79.35145926263326, 6]
[43.8539891332382, -79.33469304930144, 128]
[43.854859937432494, -79.25687882614298, 16]
[43.855127, -79.256954, 8]
[43.843522, -79.542394, 11]
[43.84256, -79.545192, 4]
[43.842977745899226, -79.54022095851883, 128]
[43.84294856652314, -79.54030329278005, 96]
[43.84227346125152, -79.39218502302212, 3]
[43.848275, -79.349418, 2]
[43.84094, -79.540097, 57]
[43.833347906309086, -79.5195581967483, 52]
[43.83360627894912, -79.35492984289834, 1]
[43.83090550158224, -79.32326630958862, 4]
[43.82889639294471, -79.31977804133624, 3]
[43.831443786621094, -79.29996490478516, 11]
[43.83008103565535, -79.29259919315604, 7]
[43.82163001190216, -79.48924728131564, 30]
[43.82385407297066, -79.42672682486156, 29]
[43.82229, -79.418278, 1]
[43.82248648581277, -79.39902405022217, 9]
[43.825599, -79.307167, 2]
[43.817974, -79.349594, 1]
[43.81217187121294, -79.55282807350159, 0]
[43.80973293811237, -79.31823743965127, 6]
[43.81179927929709, -79.3199761168479, 17]
[43.80944660059373, -79.3122661113739, 2]
[43.811402, -79.31419, 19]
[43.80671203136444, -79.29096400737762, 5]
[43.80397696771477, -79.54094549746327, 5]
[43.803229, -79.527733, 3]
[43.80617308075573, -79.42160463703037, 296]
[43.803427383529936, -79.3850925715924, 171]
[43.796806, -79.548884, 5]
[43.79889783594822, -79.54889858008788, 19]
[43.7990637161889, -79.54849243535423, 8]
[43.793309212236814, -79.41980123519897, 17]
[43.792356, -79.41895, 99]
[43.799031, -79.356092, 2]
[43.79719565488035, -79.15352216564303, 9]
[43.79191443817152, -79.5921261491031, 3]
[43.78541062358077, -79.28036365370457, 169]
[43.77930549009523, -79.59757804870605, 11]
[43.782521, -79.578317, 27]
[43.779038189581854, -79.30987372906941, 147]
[43.774307, -79.47263, 42]
[43.77375886143005, -79.46812391281128, 0]
[43.77338, -79.41684, 2]
[43.773535, -79.335323, 1]
[43.77233338772624, -79.3317174911499, 0]
[43.771496680814735, -79.33186769485474, 0]
[43.76647619352455, -79.56324577331543, 0]
[43.765929, -79.271409, 6]
[43.7649048630083, -79.19438367056063, 34]
[43.763469897580165, -79.4994306564331, 2]
[43.75933211951108, -79.35843229293823, 110]
[43.75930828676209, -79.35891177517325, 42]
[43.761695115383375, -79.35863678534162, 11]
[43.762733459472656, -79.27875518798828, 1]
[43.756831133975645, -79.48898366408247, 26]
[43.753157848863445, -79.46511767069771, 27]
[43.748204, -79.478588, 6]
[43.74416486929975, -79.29850448323654, 14]
[43.74130164505355, -79.44107512875244, 5]
[43.73431209496748, -79.603151972026, 5]
[43.733653, -79.529726, 1]
[43.732975, -79.289529, 4]
[43.73396767462266, -79.25875628734877, 8]
[43.734302, -79.258928, 0]
[43.72316805337369, -79.29314956215143, 15]
[43.723471064533044, -79.29289639281615, 30]
[43.72301865216075, -79.29018853876649, 17]
[43.72589064954974, -79.27734717943214, 87]
[43.72581072430219, -79.26579780838858, 7]
[43.72544777561125, -79.26545648024053, 17]
[43.723715, -79.234844, 53]
[43.717764, -79.51231, 8]
[43.719725, -79.510775, 1]
[43.720914, -79.312516, 83]
[43.713874459275424, -79.56806215884127, 4]
[43.713922130958586, -79.56873160372366, 17]
[43.710689, -79.470695, 4]
[43.710027416579265, -79.45412459229426, 35]
[43.711447, -79.39956, 1]
[43.70818512906656, -79.39089302780039, 5]
[43.71037832353286, -79.35951674993466, 8]
[43.70799101866478, -79.3453813096788, 46]
[43.710127, -79.308727, 4]
[43.701674900707204, -79.52109543902135, 46]
[43.70552826080068, -79.40347134541034, 14]
[43.707115, -79.389652, 8]
[43.702288429646494, -79.37604904174805, 0]
[43.702334, -79.373879, 1]
[43.70233835941407, -79.37320462422967, 43]
[43.707432287119026, -79.27882240162593, 167]
[43.69582868249053, -79.44990501047518, 22]
[43.699170315994245, -79.41553115844727, 0]
[43.68901593163836, -79.49486017227173, 7]
[43.687548, -79.44702, 1]
[43.68975, -79.34339, 1]
[43.688762, -79.314022, 1]
[43.688310021219486, -79.3013441729241, 26]
[43.690699, -79.287089, 2]
[43.687443, -79.271525, 13]
[43.68114917224068, -79.33447300015683, 13]
[43.685321048133254, -79.3146884567297, 4]
[43.6801451490763, -79.29048574609266, 16]
[43.67415748943264, -79.4604367017746, 0]
[43.6731059097768, -79.45822860905615, 1]
[43.674584, -79.426946, 132]
[43.67391877382236, -79.38893575810947, 54]
[43.6655404, -79.4682757, 46]
[43.66778, -79.39353, 65]
[43.671315, -79.387568, 1]
[43.671416, -79.387477, 1]
[43.669074, -79.384641, 50]
[43.668173, -79.37895, 1]
[43.666754, -79.374418, 23]
[43.665456, -79.595455, 37]
[43.665326029741365, -79.48025822639465, 28]
[43.66221349577354, -79.45938231569308, 314]
[43.663725317628234, -79.46314000254475, 18]
[43.659860900707436, -79.43978381801594, 5]
[43.6627449749013, -79.39725386823817, 728]
[43.658954, -79.382912, 2]
[43.659024238586426, -79.37810897827148, 2]
[43.661296, -79.382533, 1]
[43.655688, -79.609196, 37]
[43.658365167393455, -79.60345365477507, 3]
[43.65235222901331, -79.48160756595674, 8]
[43.65523577741562, -79.44582939147949, 1025]
[43.6554359, -79.4121455, 0]
[43.653954, -79.405008, 3]
[43.65457186616249, -79.40199809951571, 102]
[43.65283255456456, -79.40630782730655, 48]
[43.65735347398653, -79.40314151628102, 44]
[43.652886, -79.40136905, 153]
[43.65615173183301, -79.40900802612305, 5]
[43.65771968916841, -79.3868637084961, 18]
[43.65424374801262, -79.39737481342787, 99]
[43.652543, -79.375102, 0]
[43.656321, -79.373269, 3]
[43.6517442226559, -79.38130421010204, 10]
[43.658346, -79.369608, 3]
[43.651171, -79.475568, 2]
[43.6490619, -79.4204784, 0]
[43.645463, -79.412442, 4]
[43.648372, -79.402457, 1]
[43.646942988888895, -79.40553185555557, 5]
[43.647594, -79.385952, 3]
[43.648480988345575, -79.38646162200125, 921]
[43.64887507217402, -79.38913918413488, 13]
[43.650254, -79.390752, 6]
[43.64902554851153, -79.38643455505371, 0]
[43.65046121548998, -79.39371890029827, 6]
[43.64926, -79.395238, 111]
[43.64891986160979, -79.38379497901799, 1486]
[43.648536, -79.377534, 0]
[43.6486017, -79.3776768, 1]
[43.64715317048043, -79.3792367660276, 348]
[43.6496467590332, -79.37496185302734, 1]
[43.65021391851244, -79.37775763542834, 70]
[43.6506556716889, -79.37653692249599, 6]
[43.650787, -79.376397, 0]
[43.648639, -79.381517, 2]
[43.6511334, -79.378745, 0]
[43.65075357306885, -79.38018801597585, 169]
[43.64810987812616, -79.38390494519587, 129]
[43.63882040194803, -79.54837168927308, 2]
[43.639566, -79.471612, 19]
[43.6380123568388, -79.38339909969596, 811]
[43.64222461128571, -79.37619924545288, 0]
[43.63957652182142, -79.38330012960093, 276]
[43.632142644914715, -79.42095609938939, 31]
[43.629039779989895, -79.41520929336548, 1]
[43.620202, -79.575334, 25]
[43.617878, -79.557714, 6]
[43.62079727303805, -79.37460134469288, 9]
[43.61354581312924, -79.49275661342146, 10]
[43.6144532469427, -79.48938846588135, 1]
[43.60366835914877, -79.50488721146233, 51]
[43.59992451568749, -79.59528043951124, 1]
[43.598745645937896, -79.58327651023865, 0]
[43.601575, -79.552039, 3]
[43.5994871968429, -79.51262930496075, 15]
[43.588787, -79.605892, 49]
[43.58867529398685, -79.60594654083252, 22]
[43.58445635157113, -79.63528375516242, 106]
[43.58781936169849, -79.57443814663395, 11]
[43.585358, -79.572988, 0]
